102033, 
103000, 
185720, 
303781, 
356829, 
356827, 
356830, 
356828, 
356850, 
356833, 
356851, 
356852, 
356835, 
356856, 
356837, 
356857, 
356858, 
356838, 
356859, 
356839, 
356879, 
356880, 
356881, 
356882, 
356840, 
356885, 
356886, 
356889, 
356888, 
356890, 
356887, 
356895, 
356888, 
356896, 
356899, 
356889, 
360883, 
360884, 
356890, 
370246, 
370247, 
370248, 
370285, 
370286, 
370287, 
370289, 
370267, 
374738, 
377152, 
377155, 
377153, 
377158, 
374739, 
377677, 
370249, 
400360, 
400937, 
400938, 
400939, 
400940, 
400941, 
400942, 
402658, 
402674, 
402673, 
402791, 
403361, 
403391, 
404118, 
404119, 
404120, 
404121, 
404117, 
404157, 
404171, 
404172, 
404173, 
404174, 
404738, 
404739, 
405512, 
405512, 
406252, 
406254, 
406365, 
407405, 
409665, 
409666, 
409667, 
409668, 
409669, 
409670, 
409671, 
409672, 
410062, 
412962, 
412963, 
415599, 
421317, 
421349, 
421393, 
421437, 
421865, 
421869, 
421870, 
421871, 
422160, 
422161, 
424106, 
424107, 
424108, 
424109, 
424110, 
424111, 
424902, 
425862, 
427010, 
427018, 
427019, 
427020, 
427028, 
427030, 
427029, 
427038, 
427039, 
427062, 
427570, 
427064, 
427571, 
428911, 
431502, 
431502, 
433666, 
433671, 
433670, 
433680, 
434061, 
434910, 
434062, 
435744, 
435745, 
436718, 
436728, 
436738, 
436742, 
436745, 
436748, 
436768, 
438088, 
438125, 
438126, 
438588, 
438589, 
438600, 
439188, 
439226, 
439225, 
439227, 
442729, 
442730, 
451290, 
451289, 
451291, 
451804, 
451804, 
451810, 
451811, 
451810, 
453242, 
456351, 
456418, 
458060, 
458060, 
458071, 
458071, 
458124, 
458123, 
461982, 
458441, 
463758, 
464580, 
464581, 
458124, 
468203, 
472067, 
472068, 
479228, 
479229, 
481699, 
486466, 
486493, 
486494, 
486861, 
486497, 
487013, 
489592, 
489734, 
489735, 
489736, 
491020, 
491020, 
491031, 
491032, 
491040, 
493427, 
493878, 
498451, 
504923, 
510529, 
512315, 
512316, 
512411, 
512412, 
512425, 
512431, 
512466, 
512695, 
513685, 
514027, 
512732, 
514906, 
514957, 
515672, 
514958, 
517650, 
517636, 
518212, 
518377, 
518364, 
518378, 
518379, 
518474, 
518475, 
518476, 
518710, 
518718, 
519413, 
519412, 
519961, 
519498, 
520083, 
520082, 
520108, 
520131, 
520152, 
520169, 
520194, 
521302, 
520382, 
521899, 
522964, 
523036, 
522153, 
523952, 
523036, 
524031, 
524011, 
524047, 
524070, 
524094, 
524091, 
524374, 
524094, 
524864, 
524865, 
525498, 
525998, 
525745, 
526410, 
525746, 
526836, 
526410, 
526855, 
528057, 
527414, 
528856, 
528020, 
528931, 
528948, 
530970, 
530980, 
530980, 
531693, 
530990, 
532420, 
532430, 
532450, 
532458, 
535910, 
535910, 
535918, 
537830, 
540297, 
540838, 
541068, 
543098, 
541709, 
544033, 
543159, 
544210, 
544243, 
545217, 
544887, 
545392, 
545393, 
545431, 
545447, 
545619, 
544033, 
545620, 
545621, 
545619, 
545623, 
545948, 
545947, 
547628, 
547648, 
547766, 
547766, 
548478, 
548738, 
548838, 
548259, 
549633, 
548943, 
550213, 
548844, 
552245, 
552398, 
552288, 
552534, 
552587, 
552599, 
552742, 
552794, 
552801, 
552853, 
553161, 
553131, 
553242, 
556610, 
557080, 
556617, 
558360, 
558730, 
558808, 
558809, 
558868, 
558869, 
558868, 
558894, 
558895, 
559051, 
558916, 
566666, 
589970, 
584016, 
601100, 
601101, 
601121, 
601122, 
601123, 
601124, 
601125, 
601126, 
601127, 
601128, 
601131, 
601136, 
601137, 
601138, 
601140, 
601142, 
601143, 
601144, 
601145, 
601146, 
601147, 
601148, 
601149, 
601174, 
601177, 
601178, 
601179,
 601186, 
601187, 
601188, 
601189, 
601382, 
601382, 
601428, 
601428, 
601428, 
601428, 
602907, 
602907, 
602969, 
602969, 
603128, 
603128, 
603367, 
603367, 
603445, 
603445, 
603506, 
603506, 
603601, 
603601, 
603601, 
603694, 
603601, 
603708, 
603601, 
620013, 
603601, 
620021, 
603602, 
620040, 
603602, 
620054, 
620060, 
620059, 
620061, 
620082, 
620085, 
620088, 
603694, 
620094, 
620058, 
620124, 
620114, 
620143, 
620086, 
620148, 
620146, 
620149, 
620183, 
620185, 
620142, 
620186, 
620184, 
620187, 
603694, 
620210, 
620211, 
620200, 
620302, 
620402, 
620403, 
620405, 
620404, 
620406, 
620408, 
620407, 
620409, 
620410, 
620500, 
620411, 
620501, 
620412, 
620502, 
620503, 
620517, 
620514, 
620518, 
620520, 
620512, 
620522, 
620521, 
620527, 
620530, 
620516, 
620531, 
620535, 
620062, 
620561, 
620529, 
620602, 
620604, 
620609, 
620607, 
620611, 
620612, 
620704, 
620706, 
620707, 
620708, 
620709, 
620711, 
620710, 
620712, 
620713, 
620714, 
621004, 
620902, 
621005, 
621010, 
621014, 
620802, 
621015, 
620904, 
621024, 
621016, 
621028, 
621002, 
621035, 
621030, 
621037, 
621038, 
621019, 
621053, 
621050, 
621057, 
621067, 
621066, 
621068, 
620905, 
621070, 
621073, 
621069, 
621074, 
621075, 
621072, 
621076, 
621001, 
621080, 
621081, 
621086, 
621082, 
621088, 
621089, 
621090, 
621091, 
603708, 
621095, 
621097, 
621096, 
621102, 
603708, 
621103, 
621105, 
621106, 
621202, 
621107, 
621203, 
621204, 
621205, 
621206, 
621207, 
621208, 
621209, 
621217, 
621216, 
621221, 
621212, 
621222, 
621229, 
621223, 
621230, 
621211, 
621233, 
621235, 
621239, 
621231, 
621244, 
621226, 
621248, 
621249, 
621252, 
621258, 
621227, 
621259, 
621263, 
621256, 
621270, 
621269, 
621271, 
621272, 
621273, 
621268, 
621279, 
621225, 
621282, 
621283, 
621284, 
621286, 
621296, 
621281, 
621297, 
621299, 
621288, 
621300, 
621210, 
621302, 
621304, 
621303, 
621305, 
621310, 
621306, 
621325, 
621327, 
621307, 
621330, 
621331, 
621332, 
621333, 
621334, 
621339, 
621335, 
621340, 
621341, 
621345, 
621348, 
621309, 
621351, 
621336, 
621359, 
621360, 
621361, 
621363, 
621352, 
621366, 
621311, 
621370, 
621313, 
621372, 
621374, 
621371, 
621375, 
621317, 
621377, 
621376, 
621388, 
621378, 
621390, 
621391, 
621392, 
621379, 
621395, 
621396, 
621315, 
621403, 
621402, 
621404, 
621405, 
621413, 
621406, 
621415, 
621407, 
621417, 
621408, 
621418, 
621419, 
621414, 
621420, 
621422, 
621409, 
621433, 
621437, 
621428, 
621448, 
621439, 
621452, 
621436, 
621453, 
621460, 
621434, 
621465, 
621464, 
621469, 
621481, 
621468, 
621482, 
621466, 
621483, 
621485, 
621486, 
621467, 
621490, 
621491, 
621489, 
621495, 
621492, 
621497, 
621498, 
621488, 
621499, 
621516, 
621515, 
621522, 
621528, 
621410, 
621529, 
621502, 
621532, 
621538, 
621511, 
621558, 
621560, 
621561, 
621559, 
621568, 
621579, 
621577, 
621588, 
621591, 
621569, 
621598, 
621098, 
621601, 
621599, 
621602, 
621603, 
621606, 
621604, 
621607, 
621605, 
621608, 
621609, 
621610, 
621611, 
621612, 
621613, 
621614, 
621615, 
621616, 
621625, 
621621, 
621626, 
621633, 
621636, 
621617, 
621638, 
621620, 
621648, 
621655, 
621619, 
621660, 
621661, 
621662, 
621663, 
621666, 
621665, 
621667, 
621668, 
621669, 
621618, 
621671, 
621688, 
621673, 
621691, 
621696, 
621672, 
621700, 
621021, 
621719, 
621719, 
621670, 
621720, 
621622, 
621721, 
621674, 
621725, 
621726, 
621724, 
621731, 
621738, 
621722,
 621749, 
621753, 
621751, 
621754, 
621755, 
621750, 
621756, 
621757, 
621758, 
621759, 
621760, 
621723, 
621767, 
621768, 
621770, 
621761, 
621771, 
621772, 
621773, 
621775, 
621780, 
621765, 
621781, 
621785, 
621786, 
621787, 
621788, 
621789, 
621791, 
621790, 
621792, 
621793, 
621795, 
621796, 
621285, 
621797, 
621201, 
621798, 
621799, 
621804, 
621807, 
621813, 
621814, 
621817, 
621903, 
621901, 
621904, 
621905, 
621906, 
621907, 
621908, 
621909, 
621910, 
621911, 
621912, 
621914, 
621913, 
621915, 
621661, 
621977, 
622003, 
622002, 
622004, 
622005, 
622006, 
622007, 
622008, 
622010, 
622011, 
622013, 
622012, 
622015, 
622017, 
622016, 
622018, 
622019, 
622020, 
622102, 
622103, 
622104, 
622110, 
622105, 
622111, 
622114, 
621977, 
622126, 
622126, 
622127, 
622127, 
622127, 
622127, 
622128, 
622128, 
622129, 
622129, 
622131, 
622131, 
622132, 
622132, 
622133, 
622133, 
622134, 
622134, 
622135, 
622135, 
622136, 
622136, 
622137, 
622137, 
622138, 
622138, 
622139, 
622139, 
622140, 
622140, 
622141, 
622141, 
622143, 
622143, 
622146, 
622146, 
622147, 
622147, 
622148, 
622148, 
622149, 
622149, 
622150, 
622150, 
622151, 
622151, 
622152, 
622152, 
622153, 
622153, 
622154, 
622154, 
622155, 
622155, 
622158, 
622156, 
622159, 
622156, 
622165, 
622165, 
622166, 
622167, 
622166, 
622168, 
622172, 
622173, 
622168, 
622176, 
622169, 
622177, 
622169, 
622178, 
622178, 
622179, 
622181, 
622179, 
622184, 
622184, 
622188, 
622188, 
622199, 
622199, 
622200, 
622200, 
622202, 
622202, 
622203, 
622206, 
622203, 
622208, 
622208, 
622210, 
622210, 
622211, 
622211, 
622212, 
622212, 
622213, 
622213, 
622214, 
622214, 
622215, 
622218, 
622215, 
622220, 
622223, 
622224, 
622220, 
622227, 
622228, 
622225, 
622229, 
622225, 
622230, 
622231, 
622232, 
622233, 
622234, 
622230, 
622236, 
622235, 
622238, 
622237, 
622239, 
622235, 
622240, 
622240, 
622245, 
622246, 
622245, 
622250, 
622250, 
622251, 
622251, 
622252, 
622252, 
622253, 
622253, 
622254, 
622255, 
622256, 
622257, 
622254, 
622258, 
622258, 
622259, 
622259, 
622260, 
622260, 
622262, 
622267, 
622268, 
622269, 
622271, 
622261, 
622275, 
622273, 
622276, 
622274, 
622277, 
622278, 
622279, 
622261, 
622281, 
622283, 
622280, 
622284, 
622289, 
622280, 
622291, 
622291, 
622298, 
622292, 
622300, 
622292, 
622301, 
622301, 
622302, 
622302, 
622303, 
622304, 
622303, 
622305, 
622306, 
622305, 
622307, 
622307, 
622308, 
622309, 
622309, 
622308, 
622310, 
622310, 
622311, 
622311, 
622313, 
622312, 
622314, 
622315, 
622315, 
622312, 
622316, 
622317, 
622316, 
622318, 
622318, 
622319, 
622319, 
622321, 
622321, 
622322, 
622322, 
622323, 
622323, 
622324, 
622324, 
622325, 
622325, 
622327, 
622327, 
622328, 
622328, 
622329, 
622329, 
622331, 
622331, 
622332, 
622332, 
622333, 
622333, 
622335, 
622335, 
622336, 
622336, 
622337, 
622337, 
622338, 
622338, 
622339, 
622339, 
622340, 
622340, 
622341, 
622341, 
622342, 
622342, 
622343, 
622343, 
622345, 
622345, 
622346, 
622346, 
622347, 
622347, 
622348, 
622348, 
622349, 
622349, 
622350, 
622350, 
622351, 
622351, 
622352, 
622352, 
622353, 
622353, 
622355, 
622355, 
622358, 
622358, 
622359, 
622359, 
622360, 
622360, 
622361, 
622361, 
622362, 
622362, 
622363, 
622363, 
622365, 
622365, 
622366, 
622366, 
622367, 
622367, 
622368, 
622368, 
622369, 
622369, 
622370, 
622370, 
622371, 
622371, 
622373, 
622373, 
622375, 
622375, 
622376,
 622376, 
622377, 
622377, 
622378, 
622378, 
622379, 
622379, 
622382, 
622382, 
622383, 
622383, 
622384, 
622384, 
622385, 
622385, 
622386, 
622386, 
622387, 
622387, 
622388, 
622388, 
622389, 
622389, 
622391, 
622391, 
622392, 
622392, 
622393, 
622393, 
622394, 
622394, 
622395, 
622395, 
622396, 
622396, 
622397, 
622397, 
622398, 
622399, 
622399, 
622400, 
622402, 
622403, 
622404, 
622400, 
622406, 
622406, 
622407, 
622407, 
622411, 
622411, 
622412, 
622412, 
622413, 
622413, 
622415, 
622415, 
622418, 
622418, 
622420, 
622420, 
622421, 
622421, 
622422, 
622422, 
622423, 
622423, 
622425, 
622425, 
622426, 
622426, 
622427, 
622427, 
622428, 
622428, 
622429, 
622429, 
622432, 
622432, 
622434, 
622434, 
622435, 
622435, 
622436, 
622436, 
622439, 
622439, 
622440, 
622440, 
622441, 
622441, 
622442, 
622442, 
622443, 
622443, 
622447, 
622447, 
622448, 
622448, 
622449, 
622449, 
622450, 
622450, 
622451, 
622451, 
622452, 
622452, 
622453, 
622455, 
622453, 
622456, 
622456, 
622459, 
622459, 
622462, 
622462, 
622463, 
622465, 
622463, 
622466, 
622466, 
622467, 
622467, 
622468, 
622468, 
622470, 
622470, 
622471, 
622471, 
622472, 
622472, 
622476, 
622476, 
622477, 
622477, 
622478, 
622479, 
622480, 
622478, 
622481, 
622481, 
622485, 
622485, 
622486, 
622486, 
622487, 
622487, 
622487, 
622487, 
622488, 
622488, 
622489, 
622489, 
622490, 
622490, 
622490, 
622490, 
622491, 
622491, 
622491, 
622491, 
622492, 
622492, 
622492, 
622492, 
622493, 
622493, 
622495, 
622495, 
622496, 
622496, 
622498, 
622498, 
622499, 
622500, 
622499, 
622502, 
622500, 
622504, 
622505, 
622500, 
622506, 
622506, 
622509, 
622509, 
622511, 
622510, 
622513, 
622510, 
622516, 
622516, 
622517, 
622517, 
622518, 
622518, 
622519, 
622520, 
622519, 
622521, 
622521, 
622522, 
622522, 
622523, 
622523, 
622525, 
622525, 
622526, 
622531, 
622526, 
622538, 
622538, 
622546, 
622546, 
622547, 
622547, 
622548, 
622548, 
622549, 
622549, 
622550, 
622550, 
622561, 
622561, 
622562, 
622562, 
622563, 
622566, 
622567, 
622563, 
622575, 
622575, 
622576, 
622576, 
622577, 
622577, 
622578, 
622578, 
622579, 
622579, 
622580, 
622580, 
622581, 
622581, 
622582, 
622582, 
622595, 
622596, 
622588, 
622597, 
622588, 
622598, 
622599, 
622598, 
622600, 
622600, 
622601, 
622601, 
622602, 
622602, 
622603, 
622604, 
622605, 
622606, 
622609, 
622603, 
622615, 
622616, 
622615, 
622617, 
622618, 
622617, 
622619, 
622620, 
622621, 
622619, 
622622, 
622623, 
622625, 
622626, 
622622, 
622630, 
622630, 
622631, 
622631, 
622632, 
622632, 
622633, 
622644, 
622633, 
622650, 
622650, 
622655, 
622656, 
622655, 
622658, 
622658, 
622661, 
622660, 
622662, 
622663, 
622664, 
622665, 
622666, 
622668, 
622667, 
622669, 
622670, 
622671, 
622673, 
622672, 
622674, 
622660, 
622678, 
622678, 
622679, 
622679, 
622680, 
622680, 
622681, 
622681, 
622682, 
622682, 
622684, 
622684, 
622688, 
622688, 
622689, 
622689, 
622690, 
622690, 
622691, 
622691, 
622692, 
622692, 
622696, 
622696, 
622698, 
622698, 
622700, 
622706, 
622707, 
622708, 
622703, 
622715, 
622700, 
622725, 
622725, 
622728, 
622740, 
622728, 
622750, 
622750, 
622751, 
622751, 
622752, 
622752, 
622753, 
622753, 
622754, 
622755, 
622755, 
622756, 
622756, 
622757, 
622757, 
622758, 
622758, 
622759, 
622759, 
622760, 
622760, 
622761, 
622761, 
622762, 
622762, 
622763, 
622764, 
622765, 
622763, 
622770, 
622771, 
622772, 
622777, 
622770,
 622788, 
622777, 
622806, 
622820, 
622777, 
622821, 
622821, 
622822, 
622822, 
622823, 
622823, 
622824, 
622824, 
622825, 
622825, 
622826, 
622826, 
622828, 
622830, 
622827, 
622836, 
622836, 
622837, 
622838, 
622837, 
622840, 
622840, 
622841, 
622842, 
622843, 
622844, 
622844, 
622845, 
622845, 
622846, 
622846, 
622847, 
622847, 
622848, 
622848, 
622849, 
622855, 
622855, 
622856, 
622856, 
622857, 
622857, 
622858, 
622858, 
622859, 
622859, 
622860, 
622860, 
622861, 
622861, 
622864, 
622864, 
622865, 
622865, 
622866, 
622866, 
622867, 
622868, 
622867, 
622869, 
622869, 
622870, 
622870, 
622873, 
622871, 
622876, 
622871, 
622877, 
622877, 
622878, 
622878, 
622879, 
622879, 
622880, 
622880, 
622881, 
622881, 
622882, 
622882, 
622884, 
622884, 
622885, 
622885, 
622886, 
622886, 
622891, 
622891, 
622892, 
622892, 
622893, 
622893, 
622895, 
622895, 
622897, 
622897, 
622898, 
622899, 
622898, 
622900, 
622900, 
622901, 
622902, 
622903, 
622904, 
622902, 
622901, 
622908, 
622909, 
622922, 
622908, 
622926, 
622927, 
622928, 
622929, 
622936, 
622937, 
622940, 
622939, 
622947, 
622945, 
622955, 
622930, 
622959, 
622950, 
622960, 
622961, 
622951, 
622972, 
622979, 
622962, 
622980, 
622931, 
622986, 
622985, 
622987, 
622966, 
622989, 
622995, 
622993, 
622996, 
622997, 
622988, 
622998, 
622999, 
622909, 
623002, 
623007, 
623006, 
623010, 
623008, 
623011, 
623016, 
623014, 
623018, 
623020, 
623030, 
623033, 
623021, 
623035, 
623032, 
623037, 
623038, 
623026, 
623039, 
623048, 
623060, 
623022, 
623061, 
623068, 
623029, 
623071, 
623069, 
623072, 
623023, 
623075, 
623073, 
623076, 
623070, 
623079, 
623077, 
623083, 
623084, 
623058, 
623085, 
623087, 
623081, 
623095, 
623089, 
623096, 
623098, 
623086, 
623101, 
623099, 
623102, 
623103, 
623012, 
623105, 
623109, 
623108, 
623113, 
623115, 
623078, 
623118, 
623120, 
623119, 
623121, 
623123, 
623125, 
623111, 
623131, 
623135, 
623138, 
623062, 
623155, 
623160, 
623015, 
623161, 
623162, 
623156, 
623166, 
623168, 
623157, 
623170, 
623171, 
623158, 
623172, 
623173, 
623178, 
623182, 
623159, 
623186, 
623183, 
623189, 
623188, 
623196, 
623199, 
623185, 
623200, 
623203, 
623100, 
623205, 
623202, 
623207, 
623206, 
623209, 
623208, 
623211, 
622909, 
623218, 
622940, 
623251, 
623219, 
623301, 
623510, 
623400, 
623518, 
623523, 
623688, 
623500, 
623700, 
623602, 
623803, 
624000, 
623901, 
624100, 
625001, 
624200, 
625021, 
625022, 
625036, 
625028, 
625082, 
625083, 
625029, 
625084, 
625085, 
625086, 
625087, 
625099, 
625101, 
624301, 
625135, 
625114, 
625140, 
625116, 
625145, 
625288, 
624402, 
625330, 
625333, 
625331, 
625336, 
625350, 
625351, 
625352, 
625337, 
625362, 
625363, 
625502, 
625516, 
625503, 
625529, 
625338, 
625568, 
625332, 
625802, 
625803, 
625708, 
625826, 
625888, 
625839, 
625902, 
625827, 
625905, 
625906, 
625907, 
625709, 
625909, 
625908, 
625910, 
625911, 
625912, 
625913, 
625865, 
625914, 
625917, 
625866, 
625918, 
625946, 
625925, 
625950, 
625899, 
625953, 
625942, 
625957, 
625958, 
625955, 
625960, 
625961, 
625962, 
625963, 
625956, 
625964, 
625965, 
625966, 
625939, 
625986, 
625988, 
622982, 
625993, 
628200, 
625995, 
628205, 
628210, 
625987, 
628212, 
628214, 
625996, 
628221, 
628216, 
628222, 
628230, 
628250, 
628253, 
628242, 
628255, 
628218, 
628258, 
628262, 
625997, 
628267, 
628266, 
628272, 
625998, 
628273, 
628268, 
628278, 
628279, 
628269,
 628285, 
625965, 
628291, 
628295, 
628290, 
628300, 
628299, 
628303, 
628286, 
628312, 
628315, 
628218, 
628319, 
628331, 
628313, 
628339, 
628351, 
628329, 
628355, 
628316, 
628358, 
628317, 
628362, 
628288, 
628381, 
628366, 
628388, 
628389, 
628368, 
650600, 
650600, 
650700, 
650700, 
650800, 
650800, 
650900, 
650900, 
682900, 
682900, 
683970, 
683970, 
685800, 
685800, 
685800, 
685800, 
685800, 
685800, 
690755, 
690755, 
690755, 
690755, 
694301, 
694301, 
695800, 
695800, 
843010, 
843010, 
843360, 
843360, 
843420, 
843420, 
843610, 
843610, 
843730, 
843730, 
843800, 
843800, 
843850, 
843850, 
843900, 
843900, 
870000, 
870000, 
870100, 
870100, 
870300, 
870300, 
870400, 
870400, 
870500, 
870500, 
940002, 
940001, 
940006, 
940013, 
888000, 
940017, 
940012, 
940018, 
900000, 
940022, 
940021, 
940027, 
940031, 
940025, 
940037, 
940038, 
940032, 
940047, 
940039, 
940049, 
940041, 
940054, 
940050, 
940055, 
940058, 
940057, 
940061, 
940062, 
940063, 
940015, 
940065, 
900010, 
940066, 
940068, 
940069, 
940034, 
940072, 
940074, 
940076, 
888000, 
955100, 
955590, 
955591, 
955592, 
955593, 
940056, 
955880, 
955881, 
966666, 
955882, 
968807, 
968808, 
968809, 
955888, 
985262, 
984303, 
990027, 
990871, 
984301, 
998800
